1
1
2
2
20
3
3
3
3
3
3
3
3
3
3
3
4
20
4
4
4
4
4
5
5
5
5
5
5
5
5
5
20
5
20
20
5
5
5
6
20
7
8
8
8
7
7
20
9
9
9
9
9
10
10
10
10
10
10
10
10
10
10
10
10
10
10
10
10
10
10
10
11
10
11
10
11
10
11
11
11
20
8
20
8
21
21
21
21
12
12
20
7
7
7
7
7
12
20
13
13
13
10
10
10
10
10
10
10
10
10
10
10
10
10
13
13
13
13
13
14
14
14
14
14
14
14
14
14
14
14
12
22
22
12
12
12
12
8
20
8
8
8
20
8
8
8
15
15
15
15
15
15
20
13
13
13
13
15
15
15
15
15
15
15
15
15
12
12
12
12
12
12
12
12
12
12
12
12
12
15
15
15
15
5
12
12
12
12
12
12
12
12
12
12
12
12
12
12
12
12
12
12
12
13
7
7
7
7
7
7
7
7
7
7
7
7
7
7
7
7
7
7
7
7
7
7
7
7
7
7
7
7
7
7
7
7
7
7
7
7
7
7
7
7
7
7
7
7
7
7
7
7
7
7
7
7
7
7
7
7
7
7
7
7
7
7
7
7
7
20
20
23
23
23
23
23
23
18
18
20
23
18
18
18
18
18
18
18
18
18
18
18
18
18
18
18
18
18
18
18
18
18
18
18
18
18
18
18
7
7
20
20
17
17
17
17
17
17
17
17
17
17
17
17
17
17
17
17
17
17
17
17
17
17
17
17
17
17
17
17
17
17
17
17
17
17
17
17
17
17
17
17
17
17
7
7
7
7
7
7
7
7
18
18
18
18
18
18
18
18
18
18
18
18
18
18
18
18
18
18
18
20
7
7
7
18
18
18
18
18
18
18
18
18
18
18
18
18
7
13
13
13
13
20
13
13
13
7
20
20
13
7
7
7
7
7
7
7
7
7
7
7
7
7
7
7
7
7
7
7
7
7
7
7
7
7
7
7
7
7
7
7
7
7
7
7
7
7
7
7
7
7
7
7
7
7
7
7
7
7
7
7
7
7
7
7
7
7
7
7
7
7
7
7
7
7
7
7
7
7
7
7
7
7
7
7
7
7
7
7
7
7
7
7
7
7
7
7
7
7
7
7
19
19
19
3
20
13
13
13
13
13
